-0.0997
0.0253
0.0112
0.0429
0.0469
0.0876
0.1007
0.1197
0.1199
0.1528
0.1578
0.1579
0.1526
0.1587
0.1404
0.1389
0.1366
0.1433
0.1945
0.2209
0.2233
0.2298
0.2356
0.2232
0.2387
0.2687
0.3045
0.3404
0.3437
0.3607
0.3676
0.3693
0.3589
0.3881
0.4043
0.4298
0.4479
0.4689
0.4909
0.4997
0.5169
0.5441
0.5645
0.5460
0.5461
0.5279
0.5360
0.5332
0.5691
0.5947
0.6354
0.6510
0.6771
0.6715
0.6583
0.6400
0.6433
0.6293
0.6380
0.6404
0.6648
0.6426
0.6510
0.6816
0.6977
0.6902
0.7200
0.7557
0.7608
0.7870
0.8035
0.7962
0.8061
0.7990
0.7959
0.8219
0.8508
0.8325
0.8448
0.8488
0.8471
0.8483
0.8734
0.8703
0.8672
0.8529
0.8516
0.8666
0.8786
0.9177
0.9441
0.9462
0.9260
0.9366
0.9215
0.8987
0.9174
0.9353
0.9191
0.9416
0.9486
0.9607
0.9718
0.9816
0.9640
0.9643
0.9699
0.9724
0.9691
0.9897
1.0222
1.0091
0.9916
0.9945
0.9939
0.9817
0.9661
0.9800
1.0033
0.9879
0.9809
0.9982
1.0059
1.0072
1.0201
1.0280
1.0101
0.9973
1.0000
0.9720
0.9730
0.9937
0.9950
0.9646
0.9999
1.0145
1.0084
1.0033
1.0160
0.9910
0.9857
0.9740
0.9758
0.9650
0.9865
0.9615
0.9751
0.9762
0.9697
0.9572
0.9750
0.9574
0.9507
0.9742
0.9404
0.9421
0.9444
0.9215
0.9022
0.9037
0.8923
0.8891
0.9078
0.8888
0.9089
0.8741
0.8473
0.8444
0.8427
0.8401
0.8400
0.8422
0.8112
0.8209
0.8094
0.8190
0.8221
0.8388
0.8119
0.7764
0.7402
0.7106
0.7048
0.7205
0.7147
0.7107
0.7217
0.6813
0.6428
0.6436
0.6600
0.6561
0.6679
0.6569
0.6467
0.6150
0.6057
0.5857
0.5903
0.5721
0.5770
0.5603
0.5635
0.5421
0.5424
0.5473
0.5432
0.5443
0.5347
0.5170
0.4747
0.4756
0.4458
0.4669
0.4461
0.4526
0.4052
0.3930
0.3788
0.3652
0.3643
0.3604
0.3403
0.3219
0.3246
0.2849
0.2865
0.2895
0.2648
0.2549
0.2586
0.2466
0.2444
0.2473
0.2413
0.2339
0.2188
0.1872
0.1490
0.1411
0.1220
0.1231
0.1054
0.0930
0.0752
0.0684
0.0430
0.0348
0.0345
0.0009
-0.0099
-0.0214
-0.0232
-0.0279
-0.0115
-0.0477
-0.0617
-0.0643
-0.0680
-0.0881
-0.0774
-0.1112
-0.1316
-0.1414
-0.1658
-0.1845
-0.1863
-0.2184
-0.2653
-0.2554
-0.2563
-0.2509
-0.2638
-0.2671
-0.3107
-0.3537
-0.3697
-0.3550
-0.3581
-0.3551
-0.3535
-0.3789
-0.4046
-0.4179
-0.4412
-0.4561
-0.4498
-0.4672
-0.4653
-0.4442
-0.4332
-0.4447
-0.4562
-0.4623
-0.5063
-0.5493
-0.5574
-0.5589
-0.5827
-0.5598
-0.5698
-0.5763
-0.5811
-0.6026
-0.6464
-0.6389
-0.6744
-0.6985
-0.6840
-0.6755
-0.6784
-0.6920
-0.6929
-0.7234
-0.7344
-0.7378
-0.7306
-0.7434
-0.7393
-0.7461
-0.7617
-0.7742
-0.7971
-0.8040
-0.8288
-0.8356
-0.8242
-0.8120
-0.8174
-0.8085
-0.8250
-0.8348
-0.8389
-0.8609
-0.8488
-0.8449
-0.8752
-0.8882
-0.9029
-0.9170
-0.9096
-0.8974
-0.9164
-0.9135
-0.9458
-0.9630
-0.9868
-0.9584
-0.9413
-0.9238
-0.9244
-0.8994
-0.9363
-0.9693
-0.9682
-0.9756
-1.0041
-1.0050
-1.0060
-1.0120
-1.0254
-1.0236
-1.0137
-0.9960
-0.9906
-0.9737
-0.9669
-0.9585
-0.9542
-0.9513
-0.9786
-0.9752
-0.9841
-1.0063
-1.0371
-1.0087
-1.0312
-1.0300
-1.0168
-1.0096
-1.0212
-1.0139
-1.0176
-1.0349
-1.0133
-1.0283
-1.0243
-1.0035
-0.9701
-0.9687
-0.9421
-0.9264
-0.9409
-0.9397
-0.9593
-0.9514
-0.9637
-0.9648
-0.9738
-0.9399
-0.9685
-0.9705
-0.9554
-0.9557
-0.9869
-0.9742
-0.9371
-0.9439
-0.9501
-0.9438
-0.9116
-0.9386
-0.9405
-0.9383
-0.9240
-0.9187
-0.8998
-0.8781
-0.8362
-0.8097
-0.8182
-0.7937
-0.7763
-0.7912
-0.8071
-0.8210
-0.8262
-0.8082
-0.8005
-0.7934
-0.7622
-0.7649
-0.7675
-0.7374
-0.7212
-0.7004
-0.7017
-0.6827
-0.6875
-0.6645
-0.6679
-0.6533
-0.6727
-0.6721
-0.6938
-0.6905
-0.6832
-0.6559
-0.6271
-0.6146
-0.5888
-0.5554
-0.5438
-0.5355
-0.5064
-0.5009
-0.5110
-0.5003
-0.4925
-0.4717
-0.4869
-0.4468
-0.4375
-0.4272
-0.4436
-0.4114
-0.3969
-0.4088
-0.4145
-0.4006
-0.3717
-0.3731
-0.3520
-0.3143
-0.2935
-0.2931
-0.2972
-0.2906
-0.3058
-0.2876
-0.2671
-0.2594
-0.2173
-0.1970
-0.2023
-0.1948
-0.1799
-0.1646
-0.1388
-0.0948
-0.1052
-0.0813
-0.1077
-0.0962
-0.1139
-0.0936
-0.0869
-0.0348
-0.0322
-0.0067
